8070.405762 
8027.555664 
8069.496094 
8061.065430 
7972.722656 
7910.312012 
7918.546387 
8070.969238 
7976.130371 
7942.826660 
7969.200684 
8152.602051 
8096.317383 
8070.434570 
7992.235352 
8084.791992 
7982.565918 
8014.760742 
8148.986816 
8140.349609 
8057.528320 
8119.934082 
8244.793945 
8239.916016 
8229.587891 
8248.908203 
8186.172852 
8107.745605 
8231.352539 
8238.716797 
8203.880859 
8148.391602 
8162.233887 
8156.418457 
8139.467773 
8162.833496 
8167.172363 
8186.327148 
8104.887695 
8122.479980 
8097.878418 
8084.532227 
8087.515625 
8113.775391 
8132.885254 
8107.472656 
8026.001953 
8010.561523 
8016.854980 
8037.083496 
8130.614258 
8117.341309 
8166.392578 
8070.264648 
8064.208984 
8065.669434 
7970.110840 
7983.726074 
8076.866211 
8074.340332 
8063.087402 
8042.310059 
8094.733398 
8006.205566 
7941.490723 
8027.548340 
7925.388184 
7968.221191 
8042.672852 
8020.939453 
8062.686035 
8020.900391 
7963.208984 
8042.586426 
8058.720703 
8098.699219 
8097.903320 
8080.233398 
8121.141602 
8076.582520 
8117.704590 
8075.671875 
8121.642090 
8151.928711 
8132.247070 
8171.386719 
8116.220703 
8087.013184 
8082.102539 
8123.664551 
8065.913574 
8074.031250 
8100.598145 
8124.612305 
8101.922363 
8026.398438 
7960.119629 
7983.062988 
8083.231934 
8105.633789 
8135.514160 
8102.358398 
8079.385742 
8040.578613 
8048.613281 
8102.005859 
8032.151367 
8188.462402 
8110.768066 
8155.376953 
8121.619629 
8138.951660 
8007.539062 
8106.393555 
8071.712402 
8119.131348 
8092.994629 
8112.392578 
8086.569824 
8052.269531 
8067.379395 
8098.730957 
8080.427734 
8108.863281 
8090.728516 
8095.419922 
8085.477051 
8095.526855 
8167.690430 
8054.597168 
8072.461914 
8030.052734 
8039.632324 
8069.497559 
8070.063965 
8027.368652 
8041.807129 
8053.378906 
8048.758789 
8097.496094 
8090.616699 
8096.131836 
8056.517090 
8068.500488 
8081.730469 
8036.590820 
8064.941406 
8102.951172 
8064.321289 
8098.562500 
8096.312500 
8053.044434 
8088.837402 
8121.751953 
8029.880859 
8042.535156 
8025.777832 
8049.018066 
8099.463867 
8010.178223 
8088.450195 
8048.237305 
8086.479004 
8047.568359 
8078.343262 
8011.063477 
8020.788574 
8063.783203 
8054.323730 
8076.090820 
8016.967285 
8061.568848 
8111.617676 
8093.981934 
8018.038574 
8099.152344 
8102.269043 
8114.973145 
8065.586426 
8055.486328 
8080.615234 
8053.732910 
8098.577148 
7997.017090 
8037.047852 
8040.280273 
8082.071289 
8084.058594 
8078.159668 
8118.289062 
8121.529297 
8117.114746 

