10673.765625 
10609.827148 
10728.999023 
10670.790039 
10581.023438 
10402.508789 
10347.369141 
10678.457031 
10456.003906 
10541.867188 
10563.632812 
10939.988281 
10730.297852 
10702.064453 
10648.807617 
10631.150391 
10557.609375 
10582.000977 
10788.912109 
10821.664062 
10715.811523 
10697.435547 
11243.247070 
11127.709961 
11105.412109 
11061.289062 
11058.002930 
10944.775391 
10996.589844 
10904.522461 
10955.323242 
11000.927734 
10922.458984 
10756.208008 
10791.870117 
10920.715820 
10951.767578 
10908.976562 
10866.978516 
10981.573242 
10821.739258 
10786.751953 
10754.240234 
10934.434570 
11032.851562 
10874.735352 
10646.529297 
10554.098633 
10580.622070 
10687.075195 
10809.382812 
10958.270508 
10971.302734 
10752.220703 
10647.912109 
10617.346680 
10524.815430 
10653.017578 
10658.450195 
10654.409180 
10718.936523 
10678.118164 
10628.902344 
10615.350586 
10497.963867 
10492.911133 
10471.356445 
10549.756836 
10750.322266 
10775.958008 
10788.722656 
10683.295898 
10539.231445 
10724.830078 
10774.123047 
10811.768555 
10810.203125 
10611.916016 
10659.559570 
10777.101562 
10958.462891 
10915.959961 
10959.615234 
10979.578125 
10969.095703 
11001.566406 
10853.278320 
10850.902344 
10853.354492 
10833.947266 
10706.286133 
10691.891602 
10810.626953 
10810.976562 
10677.782227 
10580.661133 
10371.526367 
10453.339844 
10691.432617 
10746.758789 
10801.400391 
10714.045898 
10657.682617 
10555.858398 
10532.933594 
10516.438477 
10581.498047 
10793.755859 
10690.718750 
10684.791992 
10703.960938 
10734.456055 
10588.085938 
10636.061523 
10768.183594 
10775.422852 
10900.776367 
10967.069336 
10835.926758 
10707.702148 
10773.097656 
10847.944336 
10874.730469 
10806.932617 
10857.043945 
10929.500977 
10982.414062 
10922.096680 
10983.873047 
10876.106445 
10830.861328 
10753.810547 
10816.476562 
10822.025391 
10728.417969 
10578.580078 
10600.551758 
10556.302734 
10625.729492 
10688.537109 
10684.494141 
10867.368164 
10804.825195 
10761.138672 
10849.396484 
10842.786133 
10810.577148 
10873.248047 
10989.818359 
11015.128906 
10993.611328 
10793.697266 
10698.059570 
10660.220703 
10699.872070 
10614.122070 
10704.236328 
10620.226562 
10642.950195 
10582.863281 
10589.359375 
10530.022461 
10495.337891 
10593.460938 
10673.128906 
10464.481445 
10485.807617 
10571.660156 
10587.604492 
10532.263672 
10478.269531 
10717.742188 
10867.907227 
10752.166016 
10656.085938 
10829.012695 
10953.218750 
10941.957031 
10663.746094 
10673.659180 
10687.081055 
10684.233398 
10684.924805 
10657.168945 
10582.946289 
10653.485352 
10600.453125 
10901.588867 
10795.393555 
10798.359375 
10930.989258 
11055.750000 

